      0/49     8.81G   0.08505   0.02712         0    0.1122         6       640     0.147   0.02167   0.02946  0.004905   0.06876   0.02027         0
      1/49     9.28G   0.06558   0.02297         0   0.08856         7       640    0.3353    0.8892    0.7485    0.2862   0.03917   0.01444         0
      2/49     9.28G   0.04953   0.01956         0   0.06909         4       640    0.4065    0.8893    0.7901    0.3234   0.03722   0.01369         0
      3/49     9.28G   0.04473   0.01837         0    0.0631         5       640    0.4606    0.8535    0.7841    0.3179   0.03688   0.01293         0
      4/49     9.28G   0.04221   0.01763         0   0.05984         7       640    0.5193    0.8023    0.7338    0.2912   0.03864   0.01325         0
      5/49     9.28G   0.04061   0.01716         0   0.05777         4       640    0.5937    0.9151    0.8825    0.4123   0.03237   0.01193         0
      6/49     9.28G   0.03953   0.01667         0   0.05619         6       640    0.6168    0.9138    0.8811    0.4199   0.03235   0.01148         0
      7/49     9.28G    0.0391   0.01651         0   0.05561         4       640    0.6469    0.9199    0.8946    0.4348   0.03149   0.01135         0
      8/49     9.28G   0.03832   0.01644         0   0.05476         6       640    0.6335    0.9106    0.8794    0.4273   0.03202   0.01145         0
      9/49     9.28G   0.03776   0.01623         0   0.05399         6       640      0.68    0.9087    0.8879    0.4264   0.03166   0.01146         0
     10/49     9.28G   0.03723   0.01615         0   0.05337         6       640    0.7215    0.8972    0.8835    0.4263   0.03173    0.0116         0
     11/49     9.28G   0.03711   0.01605         0   0.05316         8       640    0.7145    0.9214    0.9074    0.4482    0.0311    0.0112         0
     12/49     9.28G   0.03649   0.01593         0   0.05242         7       640     0.696    0.9301    0.9093    0.4579   0.03069   0.01097         0
     13/49     9.28G   0.03633    0.0158         0   0.05212         2       640    0.7184    0.9296    0.9183    0.4615    0.0304   0.01087         0
     14/49     9.28G   0.03597   0.01561         0   0.05158         5       640    0.7001     0.929    0.9184    0.4677   0.03018   0.01092         0
     15/49     9.28G   0.03572   0.01557         0    0.0513         7       640    0.7238    0.9208    0.9141    0.4616   0.03063   0.01088         0
     16/49     9.28G   0.03533   0.01546         0   0.05079         7       640    0.7257    0.9272    0.9193    0.4659   0.03025   0.01082         0
     17/49     9.28G   0.03506   0.01541         0   0.05047         4       640    0.7298    0.9312    0.9202    0.4726   0.03008   0.01079         0
     18/49     9.28G   0.03456   0.01524         0    0.0498         4       640    0.7414    0.9274    0.9246    0.4775   0.03018   0.01078         0
     19/49     9.28G   0.03419   0.01521         0    0.0494         3       640    0.7342    0.9365    0.9271    0.4764   0.02988   0.01072         0
     20/49     9.28G   0.03399   0.01502         0   0.04901         5       640     0.745    0.9302    0.9253    0.4801   0.02996   0.01069         0
     21/49     9.28G   0.03363   0.01503         0   0.04866         7       640    0.7585    0.9324      0.93    0.4804   0.02983    0.0107         0
     22/49     9.28G   0.03336   0.01477         0   0.04814         3       640    0.7596    0.9357    0.9335    0.4855   0.02986   0.01065         0
     23/49     9.28G   0.03274   0.01466         0   0.04741         3       640    0.7507    0.9338    0.9332    0.4851   0.02981   0.01064         0
     24/49     9.28G   0.03264   0.01472         0   0.04736         4       640    0.7487    0.9327    0.9287    0.4861   0.02971   0.01069         0
     25/49     9.28G   0.03222   0.01456         0   0.04678         6       640    0.7556    0.9368    0.9311    0.4906   0.02955   0.01065         0
     26/49     9.28G   0.03183   0.01438         0   0.04621         4       640    0.7651    0.9369     0.934    0.4914   0.02949   0.01058         0
     27/49     9.28G   0.03161   0.01423         0   0.04583         4       640    0.7602    0.9341    0.9315    0.4896    0.0297   0.01066         0
     28/49     9.28G   0.03106   0.01414         0   0.04519         8       640    0.7685     0.935    0.9328    0.4913    0.0297   0.01068         0
     29/49     9.28G   0.03065   0.01401         0   0.04466         2       640    0.7678    0.9363     0.934    0.4952   0.02965   0.01063         0
     30/49     9.28G   0.03066     0.014         0   0.04467         4       640    0.7686    0.9376    0.9338    0.4949   0.02977   0.01068         0
     31/49     9.28G   0.02986   0.01363         0    0.0435         4       640    0.7692    0.9378    0.9368    0.4961   0.02973   0.01071         0
     32/49     9.28G   0.02968   0.01365         0   0.04332         3       640    0.7683    0.9338    0.9359    0.4948    0.0298   0.01073         0
     33/49     9.28G   0.02921   0.01353         0   0.04274         6       640    0.7728    0.9363    0.9373    0.4958   0.02973   0.01075         0
     34/49     9.28G   0.02879   0.01328         0   0.04207         4       640    0.7806    0.9354    0.9362    0.4965   0.02969   0.01078         0
     35/49     9.28G    0.0284   0.01325         0   0.04165         2       640     0.785     0.936    0.9366    0.4988   0.02965   0.01079         0
     36/49     9.28G   0.02804   0.01306         0   0.04111        11       640     0.787    0.9358    0.9365    0.4986   0.02973   0.01083         0
     37/49     9.28G   0.02768   0.01292         0    0.0406         6       640    0.7881    0.9346    0.9349    0.4998   0.02972   0.01085         0
     38/49     9.28G   0.02723   0.01282         0   0.04005         8       640    0.7917    0.9335    0.9354    0.5003   0.02975    0.0109         0
     39/49     9.28G   0.02683   0.01269         0   0.03952         2       640    0.7921    0.9338    0.9346    0.4993   0.02978   0.01097         0
     40/49     9.28G   0.02648   0.01252         0   0.03899         3       640    0.7933    0.9341    0.9351    0.5015   0.02977   0.01099         0
     41/49     9.28G    0.0259   0.01238         0   0.03828         2       640    0.7968    0.9335    0.9349     0.502    0.0298   0.01102         0
     42/49     9.28G   0.02567   0.01225         0   0.03792         5       640    0.7995    0.9341    0.9356    0.5027   0.02982   0.01105         0
     43/49     9.28G   0.02542   0.01212         0   0.03753         5       640    0.7983    0.9332    0.9349    0.5022   0.02984   0.01108         0
     44/49     9.28G     0.025   0.01204         0   0.03704         5       640    0.8001    0.9328    0.9339    0.5026   0.02987    0.0111         0
     45/49     9.28G   0.02455   0.01173         0   0.03628         5       640    0.8006    0.9334    0.9342    0.5026    0.0299   0.01113         0
     46/49     9.28G   0.02428   0.01164         0   0.03592         6       640    0.8034    0.9347    0.9349    0.5029   0.02991   0.01116         0
     47/49     8.78G   0.02417    0.0117         0   0.03586         6       640    0.8044     0.934    0.9342    0.5034   0.02994   0.01118         0
     48/49     9.28G   0.02441   0.01174         0   0.03615         7       640    0.8047    0.9338    0.9336    0.5036   0.02996   0.01122         0
     49/49     9.29G   0.02421    0.0117         0   0.03591         4       640    0.8048    0.9321    0.9338    0.5032   0.02997   0.01124         0
